The graph is as follows:
a[0][0] = 0.020000
a[0][1] = 0.020000
a[0][2] = 0.310000
a[0][3] = 0.020000
a[0][4] = 0.020000
a[0][5] = 0.020000
a[0][6] = 0.020000
a[1][0] = 0.020000
a[1][1] = 0.450000
a[1][2] = 0.020000
a[1][3] = 0.020000
a[1][4] = 0.020000
a[1][5] = 0.020000
a[1][6] = 0.020000
a[2][0] = 0.880000
a[2][1] = 0.450000
a[2][2] = 0.310000
a[2][3] = 0.020000
a[2][4] = 0.020000
a[2][5] = 0.020000
a[2][6] = 0.020000
a[3][0] = 0.020000
a[3][1] = 0.020000
a[3][2] = 0.310000
a[3][3] = 0.450000
a[3][4] = 0.020000
a[3][5] = 0.020000
a[3][6] = 0.310000
a[4][0] = 0.020000
a[4][1] = 0.020000
a[4][2] = 0.020000
a[4][3] = 0.450000
a[4][4] = 0.020000
a[4][5] = 0.020000
a[4][6] = 0.310000
a[5][0] = 0.020000
a[5][1] = 0.020000
a[5][2] = 0.020000
a[5][3] = 0.020000
a[5][4] = 0.020000
a[5][5] = 0.450000
a[5][6] = 0.020000
a[6][0] = 0.020000
a[6][1] = 0.020000
a[6][2] = 0.020000
a[6][3] = 0.020000
a[6][4] = 0.880000
a[6][5] = 0.450000
a[6][6] = 0.310000
The initial values assigned to each page are as follows:
b[0] = 0.142857
b[1] = 0.142857
b[2] = 0.142857
b[3] = 0.142857
b[4] = 0.142857
b[5] = 0.142857
b[6] = 0.142857
this is epsilon:
1e-05
this is the number of nodes:
7
the final time taken is: 
46.655µs
The number of matrix multiplications performed are: 
10
[0.05602894 0.036314778 0.12026083 0.25636655 0.2210887 0.036314778 0.31552088]
